1  1  0.950000000  90.05166  0.05  0.1  1.0e-6  1.0e-5

  
0  1  0.950000000  90.05166  0.05  0.1  1.0e-6  1.0e-5
s  1  0.950000000  90.05166  0.05  0.1  1.0e-6  1.0e-5
1  0  0.950000000  90.05166  0.05  0.1  1.0e-6  1.0e-5
1 0.1 0.950000000  90.05166  0.05  0.1  1.0e-6  1.0e-5
1  s  0.950000000  90.05166  0.05  0.1  1.0e-6  1.0e-5
1  1  0.000000000  90.05166  0.05  0.1  1.0e-6  1.0e-5
1  1  1.000000000  90.05166  0.05  0.1  1.0e-6  1.0e-5
1  1  s            90.05166  0.05  0.1  1.0e-6  1.0e-5
1  1  0.950000000  0.0       0.05  0.1  1.0e-6  1.0e-5
1  1  0.950000000  s         0.05  0.1  1.0e-6  1.0e-5
1  1  0.950000000  90.05166  0.0   0.1  1.0e-6  1.0e-5
1  1  0.950000000  90.05166  1.0   0.1  1.0e-6  1.0e-5
1  1  0.950000000  90.05166  s     0.1  1.0e-6  1.0e-5
1  1  0.950000000  90.05166  0.05  0.0  1.0e-6  1.0e-5
1  1  0.950000000  90.05166  0.05  1.0  1.0e-6  1.0e-5
1  1  0.950000000  90.05166  0.05  s    1.0e-6  1.0e-5
1  1  0.950000000  90.05166  0.05  0.1  1.0e-15 1.0e-5
1  1  0.950000000  90.05166  0.05  0.1  1.0     1.0e-5
1  1  0.950000000  90.05166  0.05  0.1  s       1.0e-5
1  1  0.950000000  90.05166  0.05  0.1  1.0e-6  1.0e-15
1  1  0.950000000  90.05166  0.05  0.1  1.0e-6  1.0
1  1  0.950000000  90.05166  0.05  0.1  1.0e-6  s
1  1 -0.950000000  90.05166  0.05  0.1  1.0e-6  1.0e-5
1  1  0.950000000 -90.05166  0.05  0.1  1.0e-6  1.0e-5
1  1  0.950000000  90.05166  0.05  0.1  1.0e-6
1  1  0.950000000  90.05166  0.05  0.1  1.0e-6  1.0e-5  0.1
1  1  0.950000001  90.05166  0.05  0.1  1.0e-12 1.0e-5
1  1  0.950000000  90.05166  0.05  0.1  1.0e-6  1.0e-10
2.5  500  1.0993071390746e-02  1.6560844649e+01  0.05   0.1  1.0e-12  1.0e-10
25 1  9.980e-01    2.197e+03 0.05  0.1  1.0e-3  1.0e-3
1  1  0.950000000  90.05166  0.05  0.1  1.0e-6  1.0e-5
