0.5    1  9.025000e-01  4.618034e+01  0.05  0.1  1.0e-6  1.0e-6
0.5    2  6.583722e-01  1.932359e+01  0.05  0.1  1.0e-6  1.0e-6
0.5    3  4.994735e-01  1.530860e+01  0.05  0.1  1.0e-6  1.0e-6
0.5    4  3.992936e-01  1.378219e+01  0.05  0.1  1.0e-6  1.0e-6
0.5    5  3.317564e-01  1.298701e+01  0.05  0.1  1.0e-6  1.0e-6
0.5    6  2.834634e-01  1.250093e+01  0.05  0.1  1.0e-6  1.0e-6
0.5    7  2.473163e-01  1.217356e+01  0.05  0.1  1.0e-6  1.0e-6
0.5    8  2.192836e-01  1.193826e+01  0.05  0.1  1.0e-6  1.0e-6
0.5    9  1.969260e-01  1.176106e+01  0.05  0.1  1.0e-6  1.0e-6
0.5   10  1.786867e-01  1.162283e+01  0.05  0.1  1.0e-6  1.0e-6
0.5   11  1.635283e-01  1.151201e+01  0.05  0.1  1.0e-6  1.0e-6
0.5   12  1.507334e-01  1.142119e+01  0.05  0.1  1.0e-6  1.0e-6
0.5   13  1.397907e-01  1.134541e+01  0.05  0.1  1.0e-6  1.0e-6
0.5   14  1.303260e-01  1.128123e+01  0.05  0.1  1.0e-6  1.0e-6
0.5   15  1.220594e-01  1.122617e+01  0.05  0.1  1.0e-6  1.0e-6
0.5   20  9.265667e-02  1.103752e+01  0.05  0.1  1.0e-6  1.0e-6
0.5   30  6.251745e-02  1.085499e+01  0.05  0.1  1.0e-6  1.0e-6
0.5   40  4.716932e-02  1.076596e+01  0.05  0.1  1.0e-6  1.0e-6
0.5   50  3.787078e-02  1.071323e+01  0.05  0.1  1.0e-6  1.0e-6
0.5  100  1.907110e-02  1.060932e+01  0.05  0.1  1.0e-6  1.0e-6
0.5  250  7.661102e-03  1.054794e+01  0.05  0.1  1.0e-6  1.0e-6
0.5  500  3.836003e-03  1.052764e+01  0.05  0.1  1.0e-6  1.0e-6
  1    1  9.500000e-01  9.005166e+01  0.05  0.1  1.0e-6  1.0e-6
  1    2  7.763932e-01  3.042196e+01  0.05  0.1  1.0e-6  1.0e-6
  1    3  6.315969e-01  2.209659e+01  0.05  0.1  1.0e-6  1.0e-6
  1    4  5.271292e-01  1.901793e+01  0.05  0.1  1.0e-6  1.0e-6
  1    5  4.507197e-01  1.743876e+01  0.05  0.1  1.0e-6  1.0e-6
  1    6  3.930378e-01  1.648297e+01  0.05  0.1  1.0e-6  1.0e-6
  1    7  3.481637e-01  1.584369e+01  0.05  0.1  1.0e-6  1.0e-6
  1    8  3.123440e-01  1.538654e+01  0.05  0.1  1.0e-6  1.0e-6
  1    9  2.831288e-01  1.504359e+01  0.05  0.1  1.0e-6  1.0e-6
  1   10  2.588656e-01  1.477691e+01  0.05  0.1  1.0e-6  1.0e-6
  1   11  2.384042e-01  1.456364e+01  0.05  0.1  1.0e-6  1.0e-6
  1   12  2.209222e-01  1.438923e+01  0.05  0.1  1.0e-6  1.0e-6
  1   13  2.058167e-01  1.424396e+01  0.05  0.1  1.0e-6  1.0e-6
  1   14  1.926362e-01  1.412110e+01  0.05  0.1  1.0e-6  1.0e-6
  1   15  1.810363e-01  1.401584e+01  0.05  0.1  1.0e-6  1.0e-6
  1   20  1.391083e-01  1.365616e+01  0.05  0.1  1.0e-6  1.0e-6
  1   30  9.503385e-02  1.330963e+01  0.05  0.1  1.0e-6  1.0e-6
  1   40  7.215752e-02  1.314113e+01  0.05  0.1  1.0e-6  1.0e-6
  1   50  5.815508e-02  1.304152e+01  0.05  0.1  1.0e-6  1.0e-6
  1  100  2.951305e-02  1.284558e+01  0.05  0.1  1.0e-6  1.0e-6
  1  250  1.191142e-02  1.273009e+01  0.05  0.1  1.0e-6  1.0e-6
  1  500  5.973552e-03  1.269193e+01  0.05  0.1  1.0e-6  1.0e-6
1.5    1  9.663825e-01  1.339358e+02  0.05  0.1  1.0e-6  1.0e-6
1.5    2  8.317500e-01  4.089968e+01  0.05  0.1  1.0e-6  1.0e-6
1.5    3  7.040134e-01  2.823828e+01  0.05  0.1  1.0e-6  1.0e-6
1.5    4  6.039318e-01  2.360535e+01  0.05  0.1  1.0e-6  1.0e-6
1.5    5  5.266226e-01  2.124343e+01  0.05  0.1  1.0e-6  1.0e-6
1.5    6  4.659756e-01  1.981963e+01  0.05  0.1  1.0e-6  1.0e-6
1.5    7  4.174353e-01  1.887002e+01  0.05  0.1  1.0e-6  1.0e-6
1.5    8  3.778341e-01  1.819239e+01  0.05  0.1  1.0e-6  1.0e-6
1.5    9  3.449716e-01  1.768488e+01  0.05  0.1  1.0e-6  1.0e-6
1.5   10  3.172937e-01  1.729075e+01  0.05  0.1  1.0e-6  1.0e-6
1.5   11  2.936804e-01  1.697590e+01  0.05  0.1  1.0e-6  1.0e-6
1.5   12  2.733077e-01  1.671864e+01  0.05  0.1  1.0e-6  1.0e-6
1.5   13  2.555574e-01  1.650453e+01  0.05  0.1  1.0e-6  1.0e-6
1.5   14  2.399577e-01  1.632356e+01  0.05  0.1  1.0e-6  1.0e-6
1.5   15  2.261426e-01  1.616861e+01  0.05  0.1  1.0e-6  1.0e-6
1.5   20  1.755337e-01  1.563973e+01  0.05  0.1  1.0e-6  1.0e-6
1.5   30  1.211912e-01  1.513114e+01  0.05  0.1  1.0e-6  1.0e-6
1.5   40  9.252146e-02  1.488419e+01  0.05  0.1  1.0e-6  1.0e-6
1.5   50  7.481596e-02  1.473831e+01  0.05  0.1  1.0e-6  1.0e-6
1.5  100  3.822690e-02  1.445160e+01  0.05  0.1  1.0e-6  1.0e-6
1.5  250  1.549261e-02  1.428275e+01  0.05  0.1  1.0e-6  1.0e-6
1.5  500  7.780401e-03  1.422699e+01  0.05  0.1  1.0e-6  1.0e-6
  2    1  9.746794e-01  1.778232e+02  0.05  0.1  1.0e-6  1.0e-6
  2    2  8.646496e-01  5.115535e+01  0.05  0.1  1.0e-6  1.0e-6
  2    3  7.513954e-01  3.413495e+01  0.05  0.1  1.0e-6  1.0e-6
  2    4  6.574083e-01  2.793784e+01  0.05  0.1  1.0e-6  1.0e-6
  2    5  5.818034e-01  2.478737e+01  0.05  0.1  1.0e-6  1.0e-6
  2    6  5.207030e-01  2.289172e+01  0.05  0.1  1.0e-6  1.0e-6
  2    7  4.706794e-01  2.162905e+01  0.05  0.1  1.0e-6  1.0e-6
  2    8  4.291355e-01  2.072889e+01  0.05  0.1  1.0e-6  1.0e-6
  2    9  3.941633e-01  2.005522e+01  0.05  0.1  1.0e-6  1.0e-6
  2   10  3.643595e-01  1.953236e+01  0.05  0.1  1.0e-6  1.0e-6
  2   11  3.386807e-01  1.911487e+01  0.05  0.1  1.0e-6  1.0e-6
  2   12  3.163398e-01  1.877390e+01  0.05  0.1  1.0e-6  1.0e-6
  2   13  2.967342e-01  1.849020e+01  0.05  0.1  1.0e-6  1.0e-6
  2   14  2.793962e-01  1.825048e+01  0.05  0.1  1.0e-6  1.0e-6
  2   15  2.639574e-01  1.804528e+01  0.05  0.1  1.0e-6  1.0e-6
  2   20  2.067254e-01  1.734526e+01  0.05  0.1  1.0e-6  1.0e-6
  2   30  1.440904e-01  1.667264e+01  0.05  0.1  1.0e-6  1.0e-6
  2   40  1.105531e-01  1.634624e+01  0.05  0.1  1.0e-6  1.0e-6
  2   50  8.967154e-02  1.615350e+01  0.05  0.1  1.0e-6  1.0e-6
  2  100  4.610735e-02  1.577482e+01  0.05  0.1  1.0e-6  1.0e-6
  2  250  1.875949e-02  1.555191e+01  0.05  0.1  1.0e-6  1.0e-6
  2  500  9.433486e-03  1.547831e+01  0.05  0.1  1.0e-6  1.0e-6
2.5    1  9.796917e-01  2.217118e+02  0.05  0.1  1.0e-6  1.0e-6
2.5    2  8.866222e-01  6.130475e+01  0.05  0.1  1.0e-6  1.0e-6
2.5    3  7.852301e-01  3.990849e+01  0.05  0.1  1.0e-6  1.0e-6
2.5    4  6.973995e-01  3.213798e+01  0.05  0.1  1.0e-6  1.0e-6
2.5    5  6.244720e-01  2.819289e+01  0.05  0.1  1.0e-6  1.0e-6
2.5    6  5.641020e-01  2.582104e+01  0.05  0.1  1.0e-6  1.0e-6
2.5    7  5.137411e-01  2.424205e+01  0.05  0.1  1.0e-6  1.0e-6
2.5    8  4.712849e-01  2.311682e+01  0.05  0.1  1.0e-6  1.0e-6
2.5    9  4.351039e-01  2.227496e+01  0.05  0.1  1.0e-6  1.0e-6
2.5   10  4.039539e-01  2.162169e+01  0.05  0.1  1.0e-6  1.0e-6
2.5   11  3.768830e-01  2.110019e+01  0.05  0.1  1.0e-6  1.0e-6
2.5   12  3.531568e-01  2.067431e+01  0.05  0.1  1.0e-6  1.0e-6
2.5   13  3.322024e-01  2.032001e+01  0.05  0.1  1.0e-6  1.0e-6
2.5   14  3.135680e-01  2.002067e+01  0.05  0.1  1.0e-6  1.0e-6
2.5   15  2.968932e-01  1.976445e+01  0.05  0.1  1.0e-6  1.0e-6
2.5   20  2.344107e-01  1.889054e+01  0.05  0.1  1.0e-6  1.0e-6
2.5   30  1.648264e-01  1.805103e+01  0.05  0.1  1.0e-6  1.0e-6
2.5   40  1.270531e-01  1.764372e+01  0.05  0.1  1.0e-6  1.0e-6
2.5   50  1.033529e-01  1.740322e+01  0.05  0.1  1.0e-6  1.0e-6
2.5  100  5.346137e-02  1.693076e+01  0.05  0.1  1.0e-6  1.0e-6
2.5  250  2.183310e-02  1.665266e+01  0.05  0.1  1.0e-6  1.0e-6
2.5  500  1.099307e-02  1.656084e+01  0.05  0.1  1.0e-6  1.0e-6
  3    1  9.830476e-01  2.656011e+02  0.05  0.1  1.0e-6  1.0e-6
  3    2  9.023885e-01  7.139478e+01  0.05  0.1  1.0e-6  1.0e-6
  3    3  8.107446e-01  4.561044e+01  0.05  0.1  1.0e-6  1.0e-6
  3    4  7.286616e-01  3.625903e+01  0.05  0.1  1.0e-6  1.0e-6
  3    5  6.587386e-01  3.151404e+01  0.05  0.1  1.0e-6  1.0e-6
  3    6  5.996894e-01  2.866207e+01  0.05  0.1  1.0e-6  1.0e-6
  3    7  5.496416e-01  2.676373e+01  0.05  0.1  1.0e-6  1.0e-6
  3    8  5.069013e-01  2.541101e+01  0.05  0.1  1.0e-6  1.0e-6
  3    9  4.700868e-01  2.439899e+01  0.05  0.1  1.0e-6  1.0e-6
  3   10  4.381054e-01  2.361369e+01  0.05  0.1  1.0e-6  1.0e-6
  3   11  4.100986e-01  2.298678e+01  0.05  0.1  1.0e-6  1.0e-6
  3   12  3.853897e-01  2.247482e+01  0.05  0.1  1.0e-6  1.0e-6
  3   13  3.634418e-01  2.204890e+01  0.05  0.1  1.0e-6  1.0e-6
  3   14  3.438252e-01  2.168905e+01  0.05  0.1  1.0e-6  1.0e-6
  3   15  3.261931e-01  2.138102e+01  0.05  0.1  1.0e-6  1.0e-6
  3   20  2.594665e-01  2.033036e+01  0.05  0.1  1.0e-6  1.0e-6
  3   30  1.839435e-01  1.932096e+01  0.05  0.1  1.0e-6  1.0e-6
  3   40  1.424145e-01  1.883116e+01  0.05  0.1  1.0e-6  1.0e-6
  3   50  1.161675e-01  1.854193e+01  0.05  0.1  1.0e-6  1.0e-6
  3  100  6.043646e-02  1.797371e+01  0.05  0.1  1.0e-6  1.0e-6
  3  250  2.477122e-02  1.763920e+01  0.05  0.1  1.0e-6  1.0e-6
  3  500  1.248787e-02  1.752875e+01  0.05  0.1  1.0e-6  1.0e-6
  5    1  9.897938e-01  4.411608e+02  0.05  0.1  1.0e-6  1.0e-6
  5    2  9.371501e-01  1.114899e+02  0.05  0.1  1.0e-6  1.0e-6
  5    3  8.712436e-01  6.808243e+01  0.05  0.1  1.0e-6  1.0e-6
  5    4  8.070971e-01  5.235871e+01  0.05  0.1  1.0e-6  1.0e-6
  5    5  7.486324e-01  4.437729e+01  0.05  0.1  1.0e-6  1.0e-6
  5    6  6.964628e-01  3.957602e+01  0.05  0.1  1.0e-6  1.0e-6
  5    7  6.501885e-01  3.637710e+01  0.05  0.1  1.0e-6  1.0e-6
  5    8  6.091377e-01  3.409544e+01  0.05  0.1  1.0e-6  1.0e-6
  5    9  5.726193e-01  3.238690e+01  0.05  0.1  1.0e-6  1.0e-6
  5   10  5.400054e-01  3.106003e+01  0.05  0.1  1.0e-6  1.0e-6
  5   11  5.107519e-01  2.999995e+01  0.05  0.1  1.0e-6  1.0e-6
  5   12  4.843964e-01  2.913365e+01  0.05  0.1  1.0e-6  1.0e-6
  5   13  4.605494e-01  2.841249e+01  0.05  0.1  1.0e-6  1.0e-6
  5   14  4.388828e-01  2.780284e+01  0.05  0.1  1.0e-6  1.0e-6
  5   15  4.191202e-01  2.728071e+01  0.05  0.1  1.0e-6  1.0e-6
  5   20  3.418073e-01  2.549758e+01  0.05  0.1  1.0e-6  1.0e-6
  5   30  2.493049e-01  2.378073e+01  0.05  0.1  1.0e-6  1.0e-6
  5   40  1.960785e-01  2.294607e+01  0.05  0.1  1.0e-6  1.0e-6
  5   50  1.615446e-01  2.245263e+01  0.05  0.1  1.0e-6  1.0e-6
  5  100  8.585143e-02  2.148186e+01  0.05  0.1  1.0e-6  1.0e-6
  5  250  3.567310e-02  2.090947e+01  0.05  0.1  1.0e-6  1.0e-6
  5  500  1.806905e-02  2.072031e+01  0.05  0.1  1.0e-6  1.0e-6
 10    1  9.948838e-01  8.800645e+02  0.05  0.1  1.0e-6  1.0e-6
 10    2  9.666808e-01  2.112057e+02  0.05  0.1  1.0e-6  1.0e-6
 10    3  9.281297e-01  1.235563e+02  0.05  0.1  1.0e-6  1.0e-6
 10    4  8.873342e-01  9.175729e+01  0.05  0.1  1.0e-6  1.0e-6
 10    5  8.472824e-01  7.556516e+01  0.05  0.1  1.0e-6  1.0e-6
 10    6  8.091353e-01  6.579023e+01  0.05  0.1  1.0e-6  1.0e-6
 10    7  7.733084e-01  5.925459e+01  0.05  0.1  1.0e-6  1.0e-6
 10    8  7.398856e-01  5.457737e+01  0.05  0.1  1.0e-6  1.0e-6
 10    9  7.087989e-01  5.106403e+01  0.05  0.1  1.0e-6  1.0e-6
 10   10  6.799135e-01  4.832761e+01  0.05  0.1  1.0e-6  1.0e-6
 10   11  6.530686e-01  4.613559e+01  0.05  0.1  1.0e-6  1.0e-6
 10   12  6.280989e-01  4.433983e+01  0.05  0.1  1.0e-6  1.0e-6
 10   13  6.048442e-01  4.284156e+01  0.05  0.1  1.0e-6  1.0e-6
 10   14  5.831548e-01  4.157231e+01  0.05  0.1  1.0e-6  1.0e-6
 10   15  5.628929e-01  4.048315e+01  0.05  0.1  1.0e-6  1.0e-6
 10   20  4.790119e-01  3.674673e+01  0.05  0.1  1.0e-6  1.0e-6
 10   30  3.681529e-01  3.311876e+01  0.05  0.1  1.0e-6  1.0e-6
 10   40  2.986345e-01  3.134136e+01  0.05  0.1  1.0e-6  1.0e-6
 10   50  2.510972e-01  3.028558e+01  0.05  0.1  1.0e-6  1.0e-6
 10  100  1.396596e-01  2.819595e+01  0.05  0.1  1.0e-6  1.0e-6
 10  250  5.985356e-02  2.695493e+01  0.05  0.1  1.0e-6  1.0e-6
 10  500  3.065189e-02  2.654317e+01  0.05  0.1  1.0e-6  1.0e-6
 25    1  9.979504e-01  2.196780e+03  0.05  0.1  1.0e-6  1.0e-6
 25    2  9.861580e-01  5.097461e+02  0.05  0.1  1.0e-6  1.0e-6
 25    3  9.690216e-01  2.890869e+02  0.05  0.1  1.0e-6  1.0e-6
 25    4  9.496918e-01  2.088055e+02  0.05  0.1  1.0e-6  1.0e-6
 25    5  9.295061e-01  1.677448e+02  0.05  0.1  1.0e-6  1.0e-6
 25    6  9.091259e-01  1.428319e+02  0.05  0.1  1.0e-6  1.0e-6
 25    7  8.889112e-01  1.260875e+02  0.05  0.1  1.0e-6  1.0e-6
 25    8  8.690671e-01  1.140416e+02  0.05  0.1  1.0e-6  1.0e-6
 25    9  8.497117e-01  1.049470e+02  0.05  0.1  1.0e-6  1.0e-6
 25   10  8.309117e-01  9.782847e+01  0.05  0.1  1.0e-6  1.0e-6
 25   11  8.127013e-01  9.209908e+01  0.05  0.1  1.0e-6  1.0e-6
 25   12  7.950942e-01  8.738422e+01  0.05  0.1  1.0e-6  1.0e-6
 25   13  7.780909e-01  8.343337e+01  0.05  0.1  1.0e-6  1.0e-6
 25   14  7.616832e-01  8.007267e+01  0.05  0.1  1.0e-6  1.0e-6
 25   15  7.458574e-01  7.717756e+01  0.05  0.1  1.0e-6  1.0e-6
 25   20  6.747972e-01  6.714901e+01  0.05  0.1  1.0e-6  1.0e-6
 25   30  5.650616e-01  5.721757e+01  0.05  0.1  1.0e-6  1.0e-6
 25   40  4.852109e-01  5.225273e+01  0.05  0.1  1.0e-6  1.0e-6
 25   50  4.248298e-01  4.926272e+01  0.05  0.1  1.0e-6  1.0e-6
 25  100  2.612592e-01  4.322967e+01  0.05  0.1  1.0e-6  1.0e-6
 25  250  1.209718e-01  3.955399e+01  0.05  0.1  1.0e-6  1.0e-6
 25  500  6.381081e-02  3.831538e+01  0.05  0.1  1.0e-6  1.0e-6
